doc_id,gain_256,n_early,n_late,I_256_early,I_256_late,I_256_rel_early,I_256_rel_late,raw_diff,norm_diff
ECSC_1001_1_107F_1001_YR1,6.382631121003142,3,3,3.465286972392621,5.224506606129412,0.5429245254342682,0.8185506113516849,1.7592196337367914,0.2756260859174168
ECSC_1001_2_107F_1001_YR2,4.237036736932836,3,3,3.6141772062284545,6.709802111644259,0.8529964290195734,1.5836072538992054,3.0956249054158045,0.730610824879632
ECSC_1001_3_107F_1001_YR3,4.761578488364419,3,3,3.425014195977905,2.4986274631794387,0.7193022659077036,0.5247477216400367,-0.9263867327984663,-0.19455454426766694
ECSC_1002_1_89F_1002_YR1,3.5294258082821353,3,3,5.705137624662886,1.9345361269413033,1.616449228448218,0.5481163883376524,-3.770601497721583,-1.0683328401105654
ECSC_1002_2_89F_1002_YR2,6.123893598188874,3,3,5.473716411461424,9.36488892112154,0.8938294442412031,1.529237693465344,3.891172509660117,0.6354082492241409
ECSC_1002_3_89F_1002_YR3,3.8731700426778892,3,3,2.7980240213983443,2.262760427393608,0.7224118720756719,0.5842140681820278,-0.5352635940047361,-0.1381978038936441
ECSC_1003_1_82F_1003_YR1,12.882918559890095,3,3,9.396133472360248,19.984069328248385,0.729348200772947,1.5512066800194744,10.587935855888137,0.8218584792465273
ECSC_1003_2_82F_1003_YR2,6.311466170034348,3,3,5.444634723001047,4.307729291166411,0.8626576735610415,0.6825243414309498,-1.136905431834636,-0.18013333213009175
ECSC_1003_3_82F_1003_YR3,6.276463865105894,3,3,6.625354424368456,3.086499153695676,1.0555871214685428,0.4917576552706883,-3.5388552706727796,-0.5638294661978545
ECSC_1004_1_78F_1004_YR1,6.399043140962381,3,3,7.469752433460894,8.22794758033796,1.167323343336217,1.2858090497418524,0.7581951468770658,0.1184857064056355
ECSC_1004_2_78F_1004_YR2,6.4641903040029005,3,3,5.5388301135609055,7.679498782869075,0.8568482444167876,1.1880062964906222,2.1406686693081696,0.33115805207383453
ECSC_1004_3_78F_1004_YR3,3.059319488558038,3,3,2.2512154310249968,3.46545011568386,0.7358549636429347,1.1327519497864686,1.2142346846588632,0.39689698614353397
ECSC_1005_2_83F_1005_YR2,4.6598488808269165,3,3,5.778346894977978,3.801355844078294,1.2400288169758367,0.8157680519896434,-1.976991050899684,-0.42426076498619325
ECSC_1005_3_83F_1005_YR3,6.485542824189989,3,3,3.325370921235207,5.9766316010833265,0.5127359438337421,0.9215314373981913,2.6512606798481193,0.4087954935644492
ECSC_1006_2_97F_1006_YR2,4.845319743641124,3,3,4.380035288471933,5.0074548177500215,0.903972394024188,1.0334622032574177,0.6274195292780886,0.1294898092332296
ECSC_1006_3_97F_1006_YR3,7.950131320386447,3,3,6.812330287494778,16.177501177333053,0.8568827372732805,2.034872195865399,9.365170889838275,1.1779894585921187
ECSC_1008_1_94F_1008_YR1,5.740862795215856,3,3,5.72158318200871,3.9223318644151615,0.9966416871653486,0.6832303791833928,-1.7992513175935487,-0.3134113079819558
ECSC_1008_2_94F_1008_YR2,8.626678751234754,3,3,11.262155010010853,9.138707011066105,1.305503002345935,1.05935404280101,-2.123447998944748,-0.2461489595449251
ECSC_1008_3_94F_1008_YR3,10.881138344412216,3,3,9.71095447668368,7.848619266353356,0.892457587552918,0.7213049791232414,-1.8623352103303246,-0.1711526084296766
ECSC_1009_1_94F_1009_YR1,6.005328873731381,3,3,10.451735383629446,2.356734305164323,1.7404101596080135,0.3924405065429794,-8.095001078465122,-1.347969653065034
ECSC_1009_2_94F_1009_YR2,10.284369882300018,3,3,8.28683874975155,9.999892263425851,0.8057701973568325,0.9723388382438706,1.7130535136743017,0.16656864088703804
ECSC_1009_3_94F_1009_YR3,8.117846961752784,3,3,3.9313392021859097,11.537202930983833,0.4842834831339398,1.4212146379873059,7.605863728797923,0.9369311548533661
ECSC_1010_1_99M_1010_YR1,12.919807389397814,3,3,15.824789482244853,15.535930953589896,1.2248471672442198,1.202489362677257,-0.2888585286549574,-0.02235780456696279
ECSC_1010_3_99M_1010_YR3,6.872728648588392,3,3,7.451521487637026,7.922159370120984,1.0842158724202668,1.1526949156865283,0.4706378824839579,0.06847904326626142
ECSC_1011_3_71M_1011_YR3,9.913739594276453,3,3,10.404823186173452,7.1757118965605,1.0495356557661168,0.7238148458835139,-3.229111289612952,-0.325720809882603
ECSC_1012_1_94F_1012_YR1,7.521800754062257,3,3,11.74790709721618,1.0222265471202452,1.561847685326091,0.13590183794328467,-10.725680550095934,-1.4259458473828064
ECSC_1012_2_94F_1012_YR2,6.407837136996949,3,3,5.951881864333447,5.534791277990634,0.9288441227647701,0.8637534256347422,-0.4170905863428125,-0.06509069713002791
ECSC_1012_3_94F_1012_YR3,8.172463905330792,3,3,20.318743610002183,2.1176533032272995,2.4862445212818294,0.2591205452551441,-18.201090306774883,-2.2271239760266854
ECSC_1013_2_62F_1013_YR2,3.40716399922377,3,3,3.2911012179669186,2.7034054167076973,0.965935663418816,0.7934474000440233,-0.5876958012592213,-0.17248826337479273
ECSC_1014_1_76F_1014_YR1,1.6363476967900528,3,3,3.8292356245897534,0.5676946364907393,2.340111231923012,0.34692787945029013,-3.2615409880990143,-1.993183352472722
ECSC_1014_2_76F_1014_YR2,7.807341366257606,3,3,15.918063519742825,9.401775022550916,2.0388583991650204,1.2042223570733392,-6.516288497191908,-0.8346360420916812
ECSC_1014_3_76F_1014_YR3,6.378354912930512,3,3,10.12902594152996,5.314970190869563,1.5880310957604291,0.8332822904060726,-4.814055750660398,-0.7547488053543565
ECSC_1015_1_102F_1015_YR1,10.888722888531595,3,3,17.829591925961044,7.751263901099612,1.6374364660101532,0.7118616187086118,-10.078328024861431,-0.9255748473015415
ECSC_1015_2_102F_1015_YR2,12.386986140727162,3,3,22.311642417461425,11.122165084077652,1.8012163866158686,0.8978911381444994,-11.189477333383772,-0.9033252484713692
ECSC_1015_3_102F_1015_YR3,8.143249217538024,3,3,10.15791041762397,4.303065411779839,1.2474026210258913,0.528421186289175,-5.8548450058441315,-0.7189814347367163
ECSC_1016_2_85M_1016_YR2,2.0288003956673544,3,3,1.3025782217179191,2.83860469820952,0.6420435566257116,1.3991542510892445,1.536026476491601,0.757110694463533
ECSC_1016_3_85M_1016_YR3,9.811965773855524,3,3,16.599377520121696,6.550116982100104,1.6917484123672315,0.6675641897929587,-10.049260538021592,-1.0241842225742728
ECSC_1017_1_64F_1017_YR1,5.505924318834829,3,3,8.16498755936853,2.9676490306117294,1.482945839164098,0.5389919764170945,-5.1973385287568,-0.9439538627470034
ECSC_1017_3_64F_1017_YR3,6.598220323127919,3,3,2.5852934319135374,4.11656271001277,0.39181677866251774,0.6238898533872076,1.531269278099233,0.23207307472468985
ECSC_1018_1_82M_1018_YR1,13.024660392061403,3,3,11.597659497501331,14.509876152596519,0.8904385333970138,1.1140310546170065,2.912216655095188,0.22359252121999262
ECSC_1020_2_65M_1020_YR2,7.283458220800585,3,3,6.031598700838246,4.512922560475353,0.828122921555698,0.6196126103376344,-1.518676140362893,-0.20851031121806363
ECSC_1020_3_65M_1020_YR3,4.371595245490914,3,3,2.131691294800396,2.976572478719895,0.4876232073404168,0.6808893119256828,0.8448811839194987,0.193266104585266
ECSC_1021_1_94F_1021_YR1,6.103484230368165,3,3,5.91415230673632,5.773835181468189,0.9689796980731407,0.9459900220172942,-0.14031712526813145,-0.022989676055846453
ECSC_1021_2_94F_1021_YR2,11.331730140650766,3,3,4.818107195691246,9.614921113818573,0.4251872517160516,0.8484954190116637,4.796813918127327,0.4233081672956121
ECSC_1021_3_94F_1021_YR3,13.158113347754172,3,3,12.186076124173914,17.145430839040724,0.9261263983756329,1.303031094649075,4.9593547148668105,0.37690469627344214
ECSC_1022_1_106M_1022_YR1,8.569931898409331,3,3,5.829315451183791,6.515625007616787,0.6802055745933959,0.7602890063602669,0.6863095564329962,0.08008343176687094
ECSC_1022_2_106M_1022_YR2,4.098974750996741,3,3,2.6331498337933277,3.0441985985307833,0.6423923038689197,0.7426731764548024,0.41104876473745566,0.1002808725858827
ECSC_1022_3_106M_1022_YR3,12.253363417693198,3,3,28.138012511669853,4.980399637006929,2.2963501164945517,0.406451638397952,-23.157612874662924,-1.8898984780965997
ECSC_1023_2_76F_1023_YR2,17.789160113635404,3,3,34.1756513528702,3.541830066748283,1.9211503598011095,0.19910046590864441,-30.633821286121915,-1.722049893892465
ECSC_1023_3_76F_1023_YR3,6.727503471465843,3,3,5.344511143624921,7.625033973032291,0.7944271104865614,1.1334121201680907,2.2805228294073707,0.3389850096815292
ECSC_1024_1_82F_1024_YR1,11.922126314301233,3,3,14.202339220597613,10.459736441093481,1.1912589118906702,0.8773381664767689,-3.742602779504132,-0.31392074541390136
ECSC_1024_2_82F_1024_YR2,6.529216186566413,3,3,7.146217667987625,3.79960500242573,1.0944985529336075,0.581938917912269,-3.3466126655618953,-0.5125596350213385
ECSC_1024_3_82F_1024_YR3,9.002596886999509,3,3,5.430700132304544,12.696339300990608,0.6032370659789202,1.4102974353239304,7.265639168686064,0.8070603693450101
ECSC_1025_2_75F_1025_YR2,8.865807977709446,3,3,17.697577570680384,3.7042757415698007,1.9961607126136627,0.4178159227994955,-13.993301829110584,-1.5783447898141671
ECSC_1026_1_89M_1026_YR1,3.5988067999144624,3,3,3.598433777452211,2.2958878868361654,0.9998963482945903,0.6379580829097953,-1.3025458906160456,-0.361938265384795
ECSC_1026_2_89M_1026_YR2,8.753562481145343,3,3,9.80285367407768,11.324369459943975,1.1198701894448628,1.2936869399557038,1.5215157858662955,0.173816750510841
ECSC_1026_3_89M_1026_YR3,4.1983222862939655,3,3,3.7145347909751814,5.175467828621422,0.8847664704307769,1.2327466725261875,1.460933037646241,0.3479802020954106
ECSC_1027_1_91M_1027_YR1,4.520715173697045,3,3,6.427821125242551,1.8812338295360853,1.4218593470877467,0.4161363318091129,-4.546587295706466,-1.0057230152786338
ECSC_1027_2_91M_1027_YR2,13.36964344563709,3,3,13.710750089647311,10.309261808072971,1.0255135183968973,0.7710947453454481,-3.4014882815743395,-0.2544187730514492
ECSC_1027_3_91M_1027_YR3,11.840626169204153,3,3,7.975007233852412,8.4784960600252,0.6735291799511679,0.7160513252311441,0.5034888261727888,0.04252214527997622
ECSC_1028_1_67M_1028_YR1,24.63390798896285,3,3,29.53717970591009,43.431894944525574,1.1990456292661371,1.7630939826512755,13.894715238615483,0.5640483533851384
ECSC_1030_1_89F_1030_YR1,1.6429478893906126,3,3,1.8447626730013555,1.4000872056367777,1.122836996178618,0.8521799228556697,-0.44467546736457786,-0.2706570733229483
ECSC_1030_2_89F_1030_YR2,7.637792965846513,3,3,2.3776320298166174,8.620929346753961,0.31129830835275846,1.1287199568387993,6.243297316937344,0.8174216484860408
ECSC_1030_3_89F_1030_YR3,3.0029560849385897,3,3,3.980872287837663,0.9415089818226564,1.3256511834468174,0.3135273894096624,-3.0393633060150065,-1.012123794037155
ECSC_1031_1_90F_1031_YR1,1.5585879989899813,3,3,2.3233107656172547,0.6564986791867407,1.4906510040644736,0.4212137393667694,-1.666812086430514,-1.0694372646977042
ECSC_1031_2_90F_1031_YR2,6.274765863953569,3,3,9.883267862511088,2.5370261483260403,1.575081537191237,0.4043220421817501,-7.346241714185048,-1.1707594950094868
ECSC_1031_3_90F_1031_YR3,9.29495174022778,3,3,11.994195666549137,1.6553338807681275,1.2903989177952642,0.17808956162773604,-10.33886178578101,-1.1123093561675281
ECSC_1032_3_64M_1032_YR3,10.451467012647239,3,3,10.294968072908432,7.095421574703804,0.985026126997346,0.6788924048765298,-3.1995464982046284,-0.30613372212081624
ECSC_1034_1_93F_1034_YR1,2.676628888726426,3,3,2.1114562392575027,3.2084430377146163,0.7888490810775641,1.1986880404781235,1.0969867984571136,0.40983895940055937
ECSC_1034_2_93F_1034_YR2,18.37553215358265,3,3,20.522128926873034,11.988839753088747,1.1168182099625268,0.6524349691146931,-8.533289173784286,-0.46438324084783367
ECSC_1034_3_93F_1034_YR3,12.52080204479361,3,3,24.16034179868852,1.5082766944781583,1.9296161469731767,0.12046166763776356,-22.65206510421036,-1.809154479335413
ECSC_1035_1_79M_1035_YR1,6.85246690141729,3,3,2.1317874420421763,8.49235214678889,0.3110978094036851,1.2393131216777458,6.360564704746714,0.9282153122740606
ECSC_1035_2_79M_1035_YR2,6.699489988113589,3,3,6.928487809988476,9.287992287833797,1.034181381311291,1.3863730379943544,2.359504477845321,0.3521916566830634
ECSC_1035_3_79M_1035_YR3,5.895527500805313,3,3,6.075354995946051,6.644990444896369,1.0305023587993059,1.127123984069056,0.5696354489503177,0.09662162526975004
ECSC_1036_1_66M_1036_YR1,5.2754095806093115,3,3,4.769716324511486,6.107010289576189,0.904141422884663,1.1576371836650505,1.3372939650647027,0.2534957607803875
ECSC_1036_2_66M_1036_YR2,4.248201909374258,3,3,6.698513036857381,5.009452045708625,1.576787822178641,1.1791934923466234,-1.6890609911487564,-0.3975943298320177
ECSC_1036_3_66M_1036_YR3,7.511708503453659,3,3,13.380851172679451,6.40102158364557,1.7813325911844604,0.852139241119723,-6.979829589033881,-0.9291933500647375
ECSC_1037_2_63M_1037_YR2,4.860057866991493,3,3,4.226005150972746,4.951263584075135,0.8695380315684919,1.0187663850060493,0.7252584331023888,0.14922835343755747
ECSC_1037_3_63M_1037_YR3,2.1846436567747087,3,3,2.819847294202653,3.3662063992746916,1.2907584655548472,1.5408491855575104,0.5463591050720384,0.2500907200026632
ECSC_1038_1_85F_1038_YR1,10.262130550668822,3,3,8.158716034571652,12.23708398788579,0.7950314015484744,1.1924506248937023,4.078367953314137,0.39741922334522795
ECSC_1038_2_85F_1038_YR2,5.050037568384089,3,3,4.860346743658021,7.207894956004527,0.9624377398866035,1.4272953138269244,2.3475482123465055,0.4648575739403209
ECSC_1038_3_85F_1038_YR3,10.501892307345546,3,3,10.649303586716453,5.366591050170887,1.0140366397842226,0.51101181511995,-5.282712536545566,-0.5030248246642727
ECSC_1039_1_82F_1039_YR1,7.248459870637818,3,3,13.852928333777783,5.41765324648528,1.9111547254187684,0.7474212926846984,-8.435275087292503,-1.16373343273407
ECSC_1039_2_82F_1039_YR2,5.553070549805032,3,3,4.058390860722242,10.010076965472242,0.7308372591925258,1.8026201676518763,5.95168610475,1.0717829084593504
ECSC_1039_3_82F_1039_YR3,3.209752322048923,3,3,3.189041402508643,1.6220696901740768,0.9935475022798457,0.5053566529203848,-1.5669717123345661,-0.4881908493594609
ECSC_1040_1_91F_1040_YR1,14.350591265223855,3,3,18.272852608450258,3.2335275821211873,1.2733170550771185,0.2253236485075758,-15.03932502632907,-1.0479934065695427
ECSC_1040_2_91F_1040_YR2,12.618900125095522,3,3,6.387184209160281,12.391784065219818,0.506160136449446,0.982001913191782,6.004599856059538,0.47584177674233596
ECSC_1040_3_91F_1040_YR3,6.627557464871752,3,3,12.291296521580847,4.957559804687394,1.8545741152345772,0.748022153103025,-7.333736716893453,-1.1065519621315523
ECSC_1041_1_80M_1041_YR1,2.3681708515356066,3,3,2.3099935985777145,2.6223221268079784,0.9754336757754755,1.1073196535239724,0.3123285282302639,0.13188597774849697
ECSC_1041_2_80M_1041_YR2,1.6064583480516643,3,3,1.132937327904117,2.8501818989578993,0.7052391549884623,1.7742021773640388,1.7172445710537823,1.0689630223755766
ECSC_1041_3_80M_1041_YR3,4.7072382675527304,3,3,9.141108581254585,-0.009177258012426156,1.941926042763712,-0.0019496055841671568,-9.150285839267012,-1.9438756483478792
ECSC_1042_1_75F_1042_YR1,4.89088577452173,3,3,5.434143176921512,3.1191200465065165,1.11107546310523,0.6377413397702032,-2.3150231304149953,-0.4733341233350268
ECSC_1042_2_75F_1042_YR2,5.189622109791403,3,3,4.5205583005689585,5.842834195451107,0.8710765841774677,1.12586891142368,1.3222758948821483,0.25479232724621226
ECSC_1042_3_75F_1042_YR3,2.7034431192169857,3,3,4.727309953474312,2.729721538802311,1.748625639604177,1.0097203523160998,-1.997588414672001,-0.7389052872880773
ECSC_1044_1_90F_1044_YR1,11.760875665990202,3,3,6.386851458347722,18.471761658951095,0.5430591768618943,1.5706110823335429,12.084910200603375,1.0275519054716487
ECSC_1044_2_90F_1044_YR2,4.531926433972195,3,3,4.383387092435851,6.178864711017174,0.9672237968333146,1.363407990186957,1.795477618581323,0.3961841933536423
ECSC_1045_1_72F_1045_YR1,1.961018083846066,3,3,2.29712528003817,1.122918297036126,1.1713942359638574,0.572620062143329,-1.1742069830020438,-0.5987741738205284
ECSC_1045_2_72F_1045_YR2,4.068688667283828,3,3,4.512659927143635,4.807283433394663,1.1091190052042474,1.1815314039754006,0.2946235062510283,0.07241239877115313
ECSC_1045_3_72F_1045_YR3,4.7215486174069365,3,3,6.532514116648836,2.586916022205567,1.3835532885471966,0.5478956655594697,-3.945598094443269,-0.835657622987727
ECSC_1047_2_71F_1047_YR2,6.6642480542750295,3,3,4.198926606273815,10.300737660925634,0.6300675743274979,1.545671406141289,6.101811054651819,0.9156038318137911
ECSC_1047_3_71F_1047_YR3,5.4722734176546215,3,3,4.539348067965027,3.6026731746306706,0.8295177747004024,0.6583503600181498,-0.9366748933343563,-0.1711674146822526
ECSC_1048_2_85M_1048_YR2,8.138864960927318,3,3,3.7122205275688898,5.335813081113424,0.45611034774386167,0.6555967087215903,1.6235925535445346,0.1994863609777286
ECSC_1048_3_85M_1048_YR3,11.7345998993296,3,3,4.334590691792688,9.181987150861222,0.36938546937934585,0.7824712584692207,4.847396459068533,0.41308578908987487
ECSC_1053_1_65M_1053_YR1,13.0865046724763,3,3,11.76415140750367,14.527720340253582,0.8989529062138479,1.110129916570348,2.763568932749912,0.21117701035650005
ECSC_1053_2_65M_1053_YR2,5.227406139280105,3,3,9.574635525919946,1.9083262359264805,1.8316226577410193,0.3650617887879067,-7.666309289993466,-1.4665608689531127
ECSC_1053_3_65M_1053_YR3,11.179661759835463,3,3,11.332800343223292,11.860811453373989,1.013697962127799,1.0609275761799568,0.5280111101506968,0.04722961405215775
ECSC_1054_1_89F_1054_YR1,7.8122979820058,3,3,14.299958976969373,1.368150696327648,1.8304420811785105,0.1751278176381563,-12.931808280641725,-1.6553142635403542
ECSC_1054_2_89F_1054_YR2,5.5069235364182125,3,3,8.594875381188515,2.255844399294713,1.5607399166429599,0.40963786483985737,-6.339030981893803,-1.1511020518031025
ECSC_1054_3_89F_1054_YR3,4.027746596094987,3,3,4.364338753600418,2.10585607325794,1.0835683550280362,0.5228372796093047,-2.258482680342478,-0.5607310754187315
ECSC_1055_1_64M_1055_YR1,3.6889930172128347,3,3,3.7493396981373075,3.373784820154763,1.0163585782469349,0.9145544066938293,-0.3755548779825446,-0.10180417155310562
ECSC_1055_3_64M_1055_YR3,6.744076230728027,3,3,6.626464817223208,7.208870701454527,0.9825607823101189,1.0689189230407505,0.5824058842313189,0.08635814073063164
ECSC_1056_1_97M_1056_YR1,8.022174254595404,3,3,8.81741672156067,5.709571202080032,1.0991305401412494,0.7117236575619602,-3.1078455194806383,-0.38740688257928924
ECSC_1056_2_97M_1056_YR2,5.184335900892791,3,3,6.854705203072825,3.8068398908889294,1.322195423697832,0.7342965354990513,-3.047865312183896,-0.5878988881987807
ECSC_1056_3_97M_1056_YR3,6.686652167416613,3,3,14.373527036061367,5.034619606640364,2.1495849755879526,0.7529357712329589,-9.338907429421003,-1.3966492043549938
ECSC_1057_1_67F_1057_YR1,3.668415137476886,3,3,3.3382538277342673,2.918930676986425,0.9099989239577444,0.7956925722954157,-0.4193231507478421,-0.11430635166232872
ECSC_1057_2_67F_1057_YR2,5.972753677201494,3,3,8.027582968777125,5.9568736391843915,1.344033824702848,0.9973412534861904,-2.0707093295927335,-0.34669257121665764
ECSC_1057_3_67F_1057_YR3,4.029406868116803,3,3,1.5015339163312629,5.327718615147871,0.37264390652935603,1.3222091462900225,3.8261846988166086,0.9495652397606664
ECSC_1058_1_86F_1058_YR1,4.173411604607625,3,3,4.064906268896486,4.409049642918076,0.9740008065364689,1.0564617297872791,0.34414337402158957,0.08246092325081023
ECSC_1058_2_86F_1058_YR2,7.954765541616915,3,3,6.798700420466166,6.901620048049996,0.8546701200553847,0.8676082295503016,0.10291962758383022,0.012938109494916916
ECSC_1058_3_86F_1058_YR3,12.380806613493725,3,3,17.22773207126123,10.037136219634512,1.3914870500024517,0.8107013163984914,-7.190595851626718,-0.5807857336039602
ECSC_1059_1_104F_1059_YR1,5.5585285423525015,3,3,3.135717162838265,4.411782015551252,0.564127203619819,0.7936960261940259,1.2760648527129872,0.22956882257420685
ECSC_1059_2_104F_1059_YR2,2.1600739306027266,3,3,1.1066788629480866,2.307684150008337,0.5123337897232477,1.0683357256038097,1.2010052870602503,0.556001935880562
ECSC_1059_3_104F_1059_YR3,15.98096994483745,3,3,29.391188642636706,7.092560324858447,1.839136719741554,0.4438128817800357,-22.29862831777826,-1.3953238379615183
ECSC_1060_2_90M_1060_YR2,5.6895697922762425,3,3,6.790310533988904,10.008437234771872,1.193466427498077,1.7590850626981709,3.2181267007829684,0.5656186352000938
ECSC_1060_3_90M_1060_YR3,6.561421513788218,3,3,5.217422645829352,7.872755424073579,0.7951665100108904,1.1998551544859168,2.655332778244227,0.4046886444750264
ECSC_1061_2_68M_1061_YR2,1.6763988708819397,3,3,1.666691154609573,1.5598265877508986,0.9942091846749697,0.9304626809550918,-0.10686456685867451,-0.06374650371987789
ECSC_1064_1_80F_1064_YR1,5.340375080651199,3,3,6.605667403347535,2.806756794674382,1.236929485960759,0.5255729704910782,-3.7989106086731534,-0.7113565154696807
ECSC_1064_2_80F_1064_YR2,6.213475041393005,3,3,12.465828292445769,1.1737870693459482,2.006257079878934,0.18890991941327503,-11.29204122309982,-1.8173471604656588
ECSC_1064_3_80F_1064_YR3,10.49062255747939,3,3,18.57512699120257,7.354518140015443,1.7706410548494336,0.7010564053486004,-11.220608851187126,-1.0695846495008332
ECSC_1065_1_76F_1065_YR1,8.123760605943563,3,3,4.0481268913577635,9.307520296322712,0.49830701416731116,1.1457157279490828,5.259393404964949,0.6474087137817717
ECSC_1065_2_76F_1065_YR2,6.293655089134495,3,3,5.885813077697365,10.101478147494342,0.9351979087412596,1.6050256972190544,4.2156650697969775,0.6698277884777948
ECSC_1065_3_76F_1065_YR3,3.4994983232632038,3,3,3.980745600575188,2.4355459757753124,1.1375189335319444,0.6959700365006092,-1.5451996247998756,-0.44154889703133526
ECSC_1067_1_98M_1067_YR1,6.735206279620561,3,3,11.125815609799487,7.307396984558743,1.6518893628342257,1.084955186401569,-3.818418625240744,-0.5669341764326568
ECSC_1067_2_98M_1067_YR2,4.6303692494284,3,3,5.76608673534452,2.6374928545487775,1.2452757922181519,0.5696074573046989,-3.1285938807957425,-0.675668334913453
ECSC_1067_3_98M_1067_YR3,3.0031954866618467,3,3,3.752323136807741,2.3008118076349713,1.2494435189027857,0.7661212258254961,-1.45151132917277,-0.4833222930772896
ECSC_1068_1_78M_1068_YR1,16.977518133818567,3,3,5.585714961060485,23.542918763186957,0.3290065672163209,1.3867114484943688,17.95720380212647,1.0577048812780478
ECSC_1068_2_78M_1068_YR2,13.906539606970586,3,3,30.276368742143863,2.383174233778524,2.1771317378600767,0.1713707580125806,-27.89319450836534,-2.005760979847496
ECSC_1068_3_78M_1068_YR3,12.805549048407533,3,3,14.30267683986596,3.5818046730312734,1.116912424902594,0.27970723156745064,-10.720872166834686,-0.8372051933351432
ECSC_1072_1_74M_1072_YR1,5.441037974623793,3,3,-0.21744880320764123,5.333380904930219,-0.0399645810637218,0.980213872758163,5.55082970813786,1.0201784538218848
ECSC_1072_2_74M_1072_YR2,2.728325192436193,3,3,2.9399040520394686,2.4712865536235396,1.0775489887311973,0.90578885554946,-0.46861749841592903,-0.17176013318173733
ECSC_1073_1_70M_1073_YR1,5.178954192212108,3,3,1.8885631887917855,3.7708765105249564,0.3646611108535633,0.7281154400236715,1.882313321733171,0.36345432917010817
ECSC_1073_2_70M_1073_YR2,9.597668266813258,3,3,16.92748911710642,7.981353912861439,1.763708501536582,0.8315930172810101,-8.946135204244978,-0.932115484255572
ECSC_1073_3_70M_1073_YR3,8.6382111818478,3,3,16.98605094511512,4.41119556790505,1.9663852373520736,0.5106607693470919,-12.57485537721007,-1.4557244680049817
ECSC_1075_2_88F_1075_YR2,11.706061016577408,3,3,6.60072810641729,10.899661732178423,0.5638726892905942,0.9311126703288995,4.298933625761133,0.36723998103830535
ECSC_1075_3_88F_1075_YR3,4.668371137438181,3,3,2.372815160174395,5.466954153409767,0.5082747472979414,1.1710624525045403,3.094138993235372,0.6627877052065989
ECSC_1076_2_87M_1076_YR2,4.223657616534969,3,3,4.712984709335818,5.436426172180869,1.1158538729288114,1.2871370422872577,0.7234414628450505,0.17128316935844623
ECSC_1076_3_87M_1076_YR3,6.008077670378898,3,3,6.623774249221807,4.967364432759631,1.1024781323780855,0.826780994734771,-1.656409816462176,-0.2756971376433145
ECSC_1078_1_88M_1078_YR1,5.028773850476701,3,3,9.014802581638385,0.7507003985205735,1.7926442607443622,0.14928100185881513,-8.264102183117812,-1.6433632588855471
ECSC_1078_2_88M_1078_YR2,3.225576297569506,3,3,5.269262336603819,2.038387726060933,1.6335878771722883,0.6319452829551334,-3.230874610542886,-1.001642594217155
ECSC_1078_3_88M_1078_YR3,9.825908106356263,3,3,4.327201600801572,7.762891922405067,0.44038693970711534,0.7900432039847131,3.435690321603495,0.3496562642775977
ECSC_1080_1_81M_1080_YR1,12.214915077240443,3,3,9.19371211202675,11.017179880021965,0.7526627941242933,0.9019448608815818,1.823467767995215,0.1492820667572885
ECSC_1080_2_81M_1080_YR2,4.922044962437846,3,3,5.13808675551574,5.547354768055599,1.0438926898731316,1.1270426845731296,0.4092680125398589,0.08314999469999806
ECSC_1080_3_81M_1080_YR3,12.043935728784353,3,3,5.575928751059538,12.624363003023936,0.46296566808583767,1.048192491832416,7.048434251964397,0.5852268237465783
ECSC_1083_1_71M_1083_YR1,15.208057051324584,3,3,9.545621467121132,20.16717233986952,0.6276687044838336,1.3260847373079132,10.621550872748388,0.6984160328240796
ECSC_1083_3_71M_1083_YR3,5.707159511252197,3,3,9.830951047586483,6.3694734580163965,1.7225646187396457,1.116049664541246,-3.4614775895700864,-0.6065149541983996
ECSC_1084_1_81M_1084_YR1,1.8020636618908046,3,3,1.4775056743986301,1.3307565859024468,0.8198964918078233,0.7384625826737766,-0.1467490884961833,-0.08143390913404669
ECSC_1084_2_81M_1084_YR2,5.258759441915741,3,3,9.820685301545192,2.9962292659026626,1.8674908806947752,0.5697597121520263,-6.824456035642529,-1.2977311685427488
ECSC_1084_3_81M_1084_YR3,15.470955998540664,3,3,13.756204414823022,17.120084975718232,0.8891631788055379,1.1065951565845786,3.3638805608952094,0.21743197777904077
ECSC_1086_2_87M_1086_YR2,5.609619981251714,3,3,3.1555736239847643,4.289542155725436,0.5625289475100307,0.7646760689782557,1.1339685317406718,0.202147121468225
ECSC_1086_3_87M_1086_YR3,1.954605709757886,3,3,3.2131950018901496,0.3992959157782699,1.643909554673389,0.2042846359165348,-2.8138990861118796,-1.4396249187568542
ECSC_1091_1_98M_1091_YR1,20.793356504119462,3,3,18.212735038104018,11.9474959573229,0.8758920203429309,0.5745823650431775,-6.265239080781118,-0.3013096552997534
ECSC_1091_2_98M_1091_YR2,17.510933704437825,3,3,16.368667555447146,18.65734901554141,0.9347684042284282,1.0654685427090074,2.2886814600942635,0.13070013848057915
ECSC_1091_3_98M_1091_YR3,8.548633037337286,3,3,3.9626815174321366,14.113132641936103,0.46354563356791684,1.6509227358684282,10.150451124503967,1.1873771023005113
ECSC_1092_1_74F_1092_YR1,8.983124876685206,3,3,9.562157593812698,6.693473500182409,1.0644578278801748,0.7451163812221561,-2.8686840936302884,-0.3193414466580188
ECSC_1092_2_74F_1092_YR2,7.790134349767984,3,3,6.776984591184141,3.875830736370815,0.8699445076176361,0.49753066665483764,-2.901153854813326,-0.37241384096279845
ECSC_1092_3_74F_1092_YR3,20.74627265638252,3,3,10.370930582027116,9.421626882804604,0.4998936798816502,0.45413588449615183,-0.9493036992225115,-0.045757795385498345
ECSC_1094_2_84M_1094_YR2,2.6667708956787872,3,3,2.3935877976123474,2.221623038645333,0.8975603421692117,0.8330760779807639,-0.17196475896701457,-0.06448426418844777
ECSC_1094_3_84M_1094_YR3,10.062991390362829,3,3,12.36788262571593,5.864757061468591,1.2290463288640454,0.5828045393226887,-6.503125564247339,-0.6462417895413567
ECSC_1097_3_65M_1097_YR3,5.122780281410788,3,3,4.01994339394074,2.9895932809396144,0.7847190730642986,0.5835880355415703,-1.0303501130011257,-0.2011310375227282
ECSC_1098_3_92M_1098_YR3,1.2430160897487676,3,3,1.0507954786624147,1.4217812991010437,0.845359514915689,1.1438156841464595,0.37098582043862893,0.29845616923077056
ECSC_1099_1_97F_1099_YR1,15.834464990702466,3,3,15.432898897123081,12.210646392290784,0.9746397435079004,0.7711436034915305,-3.222252504832298,-0.20349614001636984
ECSC_1099_2_97F_1099_YR2,8.796189743561518,3,3,4.69988288273463,8.709120574785677,0.5343089473683499,0.9901014903822905,4.009237692051047,0.45579254301394057
ECSC_1099_3_97F_1099_YR3,10.322286292904343,3,3,3.6833348062150097,8.48220378029575,0.3568332345855372,0.8217369233525825,4.79886897408074,0.46490368876704535
ECSC_2001_1_66M_2001_YR1,9.529687839989837,3,3,16.126729811533334,2.5425684077804576,1.6922621267676838,0.2668050045785308,-13.584161403752876,-1.425457122189153
ECSC_2001_2_66M_2001_YR2,5.97188218779665,3,3,6.921778532296166,6.641113185644915,1.1590614674952227,1.1120636638170487,-0.28066534665125076,-0.046997803678173966
ECSC_2002_1_87M_2002_YR1,5.848629237277459,3,3,4.851297898660621,6.315044857240505,0.8294760535921583,1.079747852195904,1.4637469585798835,0.2502717986037458
ECSC_2003_2_65M_2003_YR2,14.120887562138648,3,3,7.272931451139265,35.766071084555584,0.5150477559668182,2.5328486560896253,28.49313963341632,2.017800900122807
ECSC_2004_1_73M_2004_YR1,11.474645262110023,3,3,9.063767410490989,8.645083706324064,0.7898952171027108,0.753407491808976,-0.41868370416692535,-0.036487725293734785
ECSC_2007_1_72M_2007_YR1,3.8016007548343618,3,3,7.175279648164087,1.9397584366330325,1.8874364013736944,0.5102478039458274,-5.235521211531054,-1.377188597427867
ECSC_2007_2_72M_2007_YR2,4.90154313680563,3,3,10.206459929601593,0.8979796163443835,2.0822952373837955,0.18320345068504343,-9.30848031325721,-1.899091786698752
ECSC_2008_1_66F_2008_YR1,2.833961463201691,3,3,2.781450677702331,3.5324973218043425,0.9814708893606352,1.2464874232317453,0.7510466441020114,0.2650165338711101
ECSC_2008_2_66F_2008_YR2,10.851668649615448,3,3,12.892879475735468,3.3306538461025776,1.188101101501321,0.3069255018416551,-9.56222562963289,-0.8811755996596659
ECSC_2009_1_68M_2009_YR1,7.6587527458876155,3,3,14.385090597429274,5.001417037624081,1.8782549946077551,0.6530328375347544,-9.383673559805192,-1.2252221570730009
ECSC_2009_2_68M_2009_YR2,6.411911335731626,3,3,6.305287399434998,3.075054090105239,0.9833709590301964,0.4795846244736574,-3.230233309329759,-0.503786334556539
ECSC_2010_2_70F_2010_YR2,0.40322952844276916,3,3,-3.56454946669087,0.9273961223752489,-8.840001079426877,2.2999211539808533,4.491945589066119,11.13992223340773
ECSC_2011_1_66M_2011_YR1,11.6405187859318,3,3,5.807466261045856,12.346193994672197,0.49890098266621025,1.0606223160425843,6.538727733626341,0.561721333376374
ECSC_2013_1_67F_2013_YR1,11.55617710979085,3,3,16.073804556772714,6.249331148374542,1.3909275017215121,0.5407784156474947,-9.824473408398173,-0.8501490860740174
ECSC_2014_1_68F_2014_YR1,4.118206861831284,3,3,3.3112425985191796,3.2209552527354646,0.8040496045035329,0.7821256582781687,-0.090287345783715,-0.0219239462253642
ECSC_2014_2_68F_2014_YR2,3.3017496631573073,3,3,5.237903072595066,2.5426014561403734,1.586402243344611,0.770076994180414,-2.695301616454693,-0.816325249164197
ECSC_2015_1_69F_2015_YR1,8.224153781226999,3,3,6.175167355245293,11.709086267453408,0.750857476588186,1.4237435946518107,5.533918912208115,0.6728861180636246
ECSC_2019_1_68F_2019_YR1,6.534927040622539,3,3,3.8681646835650993,7.210748837934774,0.5919216327159799,1.103416884857502,3.3425841543696744,0.511495252141522
ECSC_2020_1_75F_2020_YR1,15.243275749901443,3,3,8.617249511680424,11.975060934580034,0.5653148085139206,0.7855962938056447,3.3578114228996103,0.2202814852917241
ECSC_2020_2_75F_2020_YR2,5.090099949048133,3,3,8.41005443804988,2.149332076284013,1.6522375831976719,0.4222573422523748,-6.2607223617658665,-1.2299802409452971
ECSC_2022_1_66M_2022_YR1,30.94052651379992,3,3,30.760312015270696,29.180978880093665,0.9941754546921221,0.9431312963300261,-1.5793331351770306,-0.05104415836209597
ECSC_2023_1_111M_2023_YR1,11.687192859607773,3,3,5.329132483451266,22.889217445690605,0.4559805376250216,1.9584871851305081,17.560084962239337,1.5025066475054865
ECSC_2025_1_135M_2025_YR1,25.958929802997368,3,3,33.146126811880116,10.951384183741274,1.2768680012398999,0.4218734850339155,-22.19474262813884,-0.8549945162059844
ECSC_2027_1_100M_2027_YR1,10.04409629651189,3,3,8.113022364593677,9.48733202688078,0.8077404004391281,0.9445680075942259,1.3743096622871036,0.13682760715509779
ECSC_2028_1_72F_2028_YR1,11.438149981798897,3,3,4.548518801129682,6.314335787212973,0.39766210518025824,0.5520417023085674,1.7658169860832906,0.15437959712830918
ECSC_2029_1_74F_2029_YR1,14.388623121455831,3,3,18.090161309187007,10.377284588248651,1.2572545097947259,0.7212145665817317,-7.712876720938356,-0.5360399432129942
ECSC_2029_2_74F_2029_YR2,10.490239046400463,3,3,6.695568304706858,14.338862177902023,0.6382665137649387,1.366876590178576,7.643293873195165,0.7286100764136373
ECSC_3001_1_69M_3001_YR1,2.3854507688754163,3,3,3.3903613587349035,1.2854160322893986,1.4212665392097936,0.5388566593203632,-2.104945326445505,-0.8824098798894304
ECSC_3003_1_108F_3003_YR1,9.876603079382727,3,3,10.847580704938201,7.913604628197771,1.0983108886477755,0.801247611612267,-2.9339760767404295,-0.2970632770355085
ECSC_3004_1_62F_3004_YR1,6.876915651025712,3,3,10.738345596516377,8.615760915806753,1.5615060793881803,1.2528524927482116,-2.1225846807096236,-0.30865358663996867
ECSC_3005_1_77M_3005_YR1,24.561707994340402,3,3,15.141893212991015,28.41467732343017,0.6164837240341782,1.1568689494223114,13.272784110439154,0.5403852253881333
ECSC_3006_1_77M_3006_YR1,12.016965014312433,3,3,8.982472107142108,7.814509970765073,0.7474825878617284,0.6502898162271292,-1.1679621363770352,-0.09719277163459916
ECSC_4002_1_64M_4002_YR1,1.9907938794393878,3,3,1.77483270229441,0.378287105375773,0.8915200717787051,0.19001821799969543,-1.3965455969186369,-0.7015018537790096
ECSC_4003_1_75M_4003_YR1,12.679734519596234,3,3,4.8337148242781005,8.182092522741154,0.38121577520473376,0.6452889459235854,3.3483776984630538,0.26407317071885167
ECSC_4005_1_65M_4005_YR1,9.123335239264517,3,3,12.125364337286625,9.6614112482242,1.3290495218351877,1.058977993776217,-2.463953089062425,-0.2700715280589707
ECSC_4006_1_98F_4006_YR1,7.7736841163702035,3,3,8.707532920912934,8.303636515156459,1.1201295023779252,1.068172618137423,-0.4038964057564751,-0.051956884240502266
ECSC_4007_1_107M_4007_YR1,15.405754085002176,3,3,18.670793249344484,7.763878369339163,1.211936341858195,0.5039596456299055,-10.90691488000532,-0.7079766962282895
ECSC_4008_1_72F_4008_YR1,6.029563934724957,3,3,1.0105736360853907,10.952411533972535,0.1676031048058683,1.8164516791830216,9.941837897887144,1.6488485743771533
ECSC_4009_2_97M_4009_YR2,1.574295877871167,3,3,2.0102605396552473,1.4897357902917434,1.2769267632038845,0.9462870425006958,-0.5205247493635039,-0.3306397207031887
ECSC_4010_1_73M_4010_YR1,10.100402388564179,3,3,11.988827221070471,6.3620937237482025,1.1869653069113755,0.6298851747680326,-5.6267334973222685,-0.5570801321433428
ECSC_4012_1_65F_4012_YR1,5.051631057522381,3,3,4.277906811997986,6.33813669377421,0.8468367470399004,1.2546713371587368,2.060229881776224,0.4078345901188364
ECSC_4014_1_98M_4014_YR1,3.090195112629988,3,3,2.1385628780975923,6.283095812269195,0.6920478481624142,2.0332359554221835,4.144532934171603,1.3411881072597693
ECSC_4015_1_104F_4015_YR1,4.765398251703822,3,3,9.382034258693091,1.9934675913918232,1.9687828305511792,0.41832129994152706,-7.3885666673012675,-1.550461530609652
ECSC_4017_1_78M_4017_YR1,0.4321967800332859,3,1,0.4353910166452035,0.3715062844068493,1.0073906996985762,0.8595767057270476,-0.06388473223835422,-0.1478139939715286
ECSC_4018_1_116F_4018_YR1,4.953670586436351,3,3,7.9043703080709,4.166740038487167,1.5956592531029135,0.841141930167121,-3.7376302695837325,-0.7545173229357924
ECSC_4019_1_93M_4019_YR1,7.183581119009692,3,3,2.251682306862842,5.547751189149305,0.3134484416002881,0.772282110724477,3.296068882286463,0.4588336691241888
ECSC_4020_1_95F_4020_YR1,1.7250767791747172,3,3,1.8654440789650149,3.1577153213746865,1.0813687260096618,1.8304781326227975,1.2922712424096716,0.7491094066131356
ECSC_4021_1_108M_4021_YR1,20.061072014732183,3,3,6.848826350164678,3.6580097566553262,0.34139882181446374,0.18234368302795612,-3.1908165935093513,-0.15905513878650762
ECSC_4022_1_118M_4022_YR1,4.09904614592834,3,3,3.4170124166453526,7.728564458325444,0.8336116001132449,1.885454367475802,4.311552041680091,1.0518427673625572
ECSC_4023_1_95M_4023_YR1,5.687455690488055,3,3,10.03101217281734,2.772919618096017,1.7637081884600232,0.4875501048269381,-7.258092554721323,-1.276158083633085
ECSC_4024_1_109F_4024_YR1,4.265135913484109,3,3,3.39228962382469,8.562630508592175,0.7953532296825667,2.0075867879196196,5.170340884767485,1.212233558237053
ECSC_4025_1_97F_4025_YR1,24.73194397319186,3,3,48.764345579597,12.262375511108521,1.9717150270296182,0.49581122795686,-36.501970068488475,-1.4759037990727581
ECSC_4027_1_111F_4027_YR1,3.206830813187994,3,3,3.2327796732311196,5.335473822117637,1.0080917458870644,1.6637840076176342,2.102694148886518,0.6556922617305698
ECSC_4028_1_136F_4028_YR1,6.263613542576651,3,3,4.9916088554089715,4.84761223113579,0.7969215887089328,0.773932203541031,-0.14399662427318116,-0.022989385167901832
ECSC_4029_1_81M_4029_YR1,2.1205286975094824,3,3,1.793201432627397,2.5913899721661875,0.8456388422064155,1.2220489990112948,0.7981885395387904,0.3764101568048793
ECSC_4030_1_114F_4030_YR1,1.305632532448751,3,3,1.1418242087966286,1.4672774216062914,0.8745371920651402,1.1238058068715329,0.3254532128096628,0.24926861480639262
ECSC_4031_1_117F_4031_YR1,3.065003929571816,3,3,4.66474374437265,0.9778755720485203,1.5219372801992848,0.3190454545959197,-3.68686817232413,-1.202891825603365
ECSC_4032_1_134M_4032_YR1,8.216061706716667,3,3,10.246656553839474,13.278728715890166,1.247149415329097,1.616191453994892,3.0320721620506923,0.3690420386657951
ECSC_4033_1_110M_4033_YR1,11.271735477970278,3,3,32.21358388333174,0.5427690591699564,2.857908078688562,0.04815310474866589,-31.67081482416178,-2.809754973939896
ECSC_4036_1_98M_4036_YR1,12.157269167970753,3,3,24.190652658390878,8.983046073469803,1.9898097446195393,0.7389032807742973,-15.207606584921075,-1.2509064638452418
ECSC_4037_1_115M_4037_YR1,9.854723106769736,3,3,17.50794241085106,7.734304500879598,1.7766041948782831,0.7848322491746612,-9.773637909971463,-0.9917719457036219
ECSC_4039_1_95F_4039_YR1,5.633149430644002,3,3,2.0822918712461846,12.961947279714282,0.369649677659648,2.301012504515157,10.879655408468098,1.9313628268555088
ECSC_4040_1_122F_4040_YR1,5.539185584726377,3,3,3.16280844834751,3.51184323576727,0.5709879909184781,0.6339999232830807,0.34903478741976013,0.06301193236460267
ECSC_4041_1_122F_4041_YR1,9.82337458815115,3,3,4.514788190227478,8.743745489417101,0.4595964604335833,0.8900959045136805,4.228957299189624,0.43049944408009716
ECSC_4042_1_98F_4042_YR1,8.848746168562005,3,3,4.111610558978245,13.731244286633263,0.4646545940696156,1.5517728755083844,9.619633727655017,1.0871182814387688
ECSC_4043_1_126F_4043_YR1,2.0965690592785897,3,3,2.836859954733962,1.8048268042235343,1.3530963562488612,0.8608477723336042,-1.0320331505104279,-0.49224858391525694
ECSC_4044_1_113M_4044_YR1,10.697589893616458,3,3,15.499427256362777,12.13415213018461,1.4488709522891419,1.1342884005513605,-3.365275126178167,-0.3145825517377814
ECSC_4046_1_132F_4046_YR1,7.382663454248592,3,3,6.232726574107407,13.108906575826152,0.8442382092496151,1.7756337745942095,6.876180001718745,0.9313955653445943
ECSC_4047_1_97F_4047_YR1,3.004257076062611,3,3,3.243109032225595,0.10810134215070284,1.079504499819977,0.03598272032444735,-3.135007690074892,-1.0435217794955296
ECSC_4048_1_117M_4048_YR1,11.093150128164277,3,3,21.145869251902678,11.220551903368316,1.9062095984994976,1.0114847246933565,-9.925317348534362,-0.8947248738061411
ECSC_4050_1_64F_4050_YR1,5.409846257097891,3,3,14.60539010808946,0.7791919326359699,2.6997791460204112,0.14403217681346214,-13.826198175453492,-2.555746969206949
ECSC_4051_1_120M_4051_YR1,11.271557769799339,3,3,11.3499347380686,9.386129007988712,1.006953516973427,0.8327268687862839,-1.963805730079887,-0.17422664818714306
ECSC_4052_1_124M_4052_YR1,18.78307857029445,3,3,23.029756039086134,7.83835261936208,1.226090598135911,0.41730926003570473,-15.191403419724054,-0.8087813381002062
ECSC_4053_1_129M_4053_YR1,13.676685106675894,3,3,16.543409692845838,23.888469942136922,1.2096066820146818,1.7466564270370186,7.345060249291084,0.5370497450223368
ECSC_4054_1_96F_4054_YR1,5.648028583259907,3,3,7.576013584110481,4.698268428080584,1.3413553901913484,0.8318421833072339,-2.8777451560298974,-0.5095132068841145
ECSC_4055_1_68F_4055_YR1,4.429131929721323,3,3,5.556013324411708,6.5425797941357615,1.2544248878947457,1.4771697700473363,0.9865664697240533,0.22274488215259058
ECSC_4056_1_96M_4056_YR1,8.363062448958747,3,3,0.7859430128673802,14.332832908964676,0.09397789597580192,1.7138258857255337,13.546889896097296,1.6198479897497318
ECSC_4060_1_115F_4060_YR1,5.115930405541532,3,3,3.7214104409646094,2.1225853280790186,0.7274161581505506,0.4148972249074874,-1.5988251128855908,-0.3125189332430632
ECSC_4061_1_122M_4061_YR1,6.411565139592317,3,3,4.811675625165065,1.980152242932274,0.7504681806088641,0.30884069643222606,-2.831523382232791,-0.44162748417663805
ECSC_4062_1_96F_4062_YR1,6.393674826091808,3,3,4.039983700344249,5.373464158982492,0.631871937537012,0.8404343832210609,1.3334804586382436,0.2085624456840489
ECSC_4063_1_132F_4063_YR1,2.206445839842184,3,3,1.5164555851427404,1.8644347946834519,0.6872843002804933,0.8449945885899496,0.3479792095407115,0.15771028830945633
ECSC_4064_1_138F_4064_YR1,10.469429353952588,3,3,6.621063958807543,9.141231236324751,0.6324188009643383,0.8731355766657526,2.520167277517208,0.24071677570141425
ECSC_4065_1_125F_4065_YR1,1.820965572077149,3,3,0.32308038065728856,3.364089061271887,0.17742256394707967,1.8474204635480944,3.0410086806145986,1.6699978996010147
ECSC_4066_1_78F_4066_YR1,3.7629236226512455,3,3,5.502505588504654,2.5621571649351775,1.4622953161690138,0.6808953414605733,-2.9403484235694766,-0.7813999747084405
ECSC_4067_1_128F_4067_YR1,14.820706244630447,3,3,8.156847106380225,9.603410197651385,0.5503683138808217,0.6479725081340647,1.4465630912711607,0.09760419425324296
ECSC_4070_1_91M_4070_YR1,9.573577843110785,3,3,14.381810941318298,3.5185858909092054,1.502239933387866,0.36753092193648423,-10.863225050409092,-1.1347090114513818
ECSC_4072_1_135F_4072_YR1,20.882680104828633,3,3,20.576150624740922,22.713685370086285,0.9853213534589923,1.0876805685891953,2.137534745345363,0.10235921513020296
ECSC_4073_1_129F_4073_YR1,6.205277105960453,3,3,8.405711223128108,6.550384402745004,1.35460690628208,1.0556151306205264,-1.8553268203831044,-0.29899177566155366
ECSC_4074_1_98F_4074_YR1,1.6823872743302661,3,3,2.6105794639921807,0.3609915125056468,1.5517113709929922,0.21457099564031845,-2.249587951486534,-1.3371403753526736
ECSC_4075_1_114M_4075_YR1,8.860284479855585,3,3,2.385106896204029,7.271064693001873,0.2691907806828009,0.8206355799899087,4.885957796797843,0.5514447993071078
ECSC_4076_1_66F_4076_YR1,18.397704330257376,3,3,22.613110547802737,6.4364865934399305,1.2291267509181887,0.34985270324484485,-16.176623954362807,-0.8792740476733438
ECSC_4077_1_123F_4077_YR1,6.931948886505903,3,3,7.473736494612712,6.195145381721914,1.078158050063162,0.8937090395720761,-1.2785911128907985,-0.18444901049108586
ECSC_4078_1_136F_4078_YR1,1.5802497071723847,3,3,2.695176217149078,0.6559750340378953,1.705538184830095,0.4151084673900445,-2.0392011831111825,-1.2904297174400505
ECSC_4079_1_104F_4079_YR1,7.893852459122243,3,3,11.608214542083346,6.256929662158851,1.4705385744407644,0.7926332161083475,-5.351284879924495,-0.6779053583324169
ECSC_4084_1_71F_4084_YR1,8.142367816372843,3,3,3.2834229381325013,16.028156636587266,0.4032516108557667,1.9684884050997447,12.744733698454764,1.565236794243978
ECSC_4087_1_132M_4087_YR1,7.322901662231189,3,3,5.898876597827049,5.954156070042619,0.805538141834031,0.8130869899225805,0.05527947221557028,0.007548848088549498
ECSC_4088_1_138F_4088_YR1,5.351380469897661,3,3,2.1577999522501057,7.279155184952305,0.40322304952676474,1.3602387693976674,5.1213552327022,0.9570157198709026
